052003830126  667131.55  1129033.88  
052003830128  667134.60  1129032.58 
052003830131  667144.46  1129030.71 
052003830163  667246.07  1129061.41 
052003830797  667200.48  1128990.18 
052003830798  667201.81  1129044.71 
052003830838  667280.66  1129013.24 
052006270001  667272.97  1129011.03 
052006270002  667269.23  1129014.70  
052006270003  667265.22  1129016.87 
052006270004  667258.72  1129017.85 
052006270005  667235.46  1129011.16 
052006270006  667215.23  1129005.35 
052006270007  667197.90  1129000.36 
052006270008  667193.37  1128999.37 
052006270009  667187.35  1128998.04 
052006270010  667193.20  1129042.61 
052006270011  667199.24  1129044.08 
052006270012  667216.87  1129050.39 
052006270013  667237.16  1129058.05 
052006270014  667256.89  1129066.29 
052006270015  667260.25  1129060.27 
052006270016  667266.84  1129062.54 
052006270017  667172.09  1128994.68 
052006270018  667152.56  1128990.38 
052006270019  667133.03  1128986.08  
052006270020  667118.38  1128982.86 
052006270021  667113.16  1128983.29 
052006270022  667109.94  1128997.91 
052006270023  667106.58  1129001.18 
052006270024  667095.58  1129043.80 
052006270025  667092.51  1128986.97 
052006270026  667121.57  1129038.13 
052006270027  667163.16  1129035.27  
052006270028  667096.07  1129020.02   
052006270029  667095.75  1129011.72 
