Seznam : Hruškové Dvory p. Bolf
Mìøeno dne: 8.5.2012
============================================================================
S E Z N A M S O U Ø A D N I C
Souøadnicový systém: S-JTSK Výškový systém: BPV
= ÈÍSLO BODU ======= Y ========== X ====== Z ==KVAL. =====================
0000 0000 0001 667302.44 1129018.97 490.18 3
0000 0000 0002 667304.18 1129022.90 490.41 3
0000 0000 0003 667307.99 1129027.64 490.38 3
0000 0000 0004 667295.96 1129029.64 489.67 3
0000 0000 0005 667263.07 1129065.73 486.47 3
0000 0000 0006 667266.52 1129068.49 486.09 3
0000 0000 0007 667280.62 1129013.26 489.92 3
0000 0000 0008 667272.95 1129011.02 490.09 3
0000 0000 0009 667259.11 1129006.98 490.20 3
0000 0000 0010 667237.45 1128995.29 490.71 3
0000 0000 0011 667210.85 1128988.68 490.59 3
0000 0000 0012 667189.21 1128984.09 490.47 3
0000 0000 0013 667165.34 1128978.04 490.65 3
0000 0000 0014 667148.11 1128974.56 490.92 3
0000 0000 0015 667133.94 1128972.62 491.04 3
0000 0000 0016 667119.99 1128964.87 492.21 3
0000 0000 0017 667111.73 1128958.67 491.87 3
0000 0000 0018 667110.34 1128964.34 491.61 3
0000 0000 0019 667107.76 1128969.80 490.83 3
0000 0000 0020 667102.20 1128976.61 489.86 3
0000 0000 0021 667096.19 1128983.63 489.15 3
0000 0000 0022 667092.85 1128987.17 488.76 3
0000 0000 0026 667132.97 1128986.04 489.89 3
0000 0000 0027 667152.50 1128990.32 489.50 3
0000 0000 0028 667172.05 1128994.57 489.23 3
0000 0000 0029 667187.31 1128997.99 489.18 3
0000 0000 0030 667193.32 1128999.34 489.27 3
0000 0000 0031 667197.84 1129000.32 489.37 3
0000 0000 0032 667215.14 1129005.31 489.25 3
0000 0000 0033 667235.39 1129011.11 489.50 3
0000 0000 0034 667258.66 1129017.81 489.78 3
0000 0000 0035 667269.18 1129014.69 489.86 3
0000 0000 0036 667262.13 1129033.80 488.67 3
0000 0000 0037 667247.36 1129031.62 488.61 3
0000 0000 0038 667233.19 1129028.51 488.33 3
0000 0000 0039 667218.65 1129025.54 488.08 3
0000 0000 0040 667203.91 1129022.21 487.88 3
0000 0000 0041 667189.19 1129019.08 487.78 3
0000 0000 0042 667174.75 1129016.78 487.77 3
0000 0000 0043 667160.91 1129014.07 487.92 3
0000 0000 0044 667145.42 1129011.58 488.13 3
0000 0000 0045 667130.58 1129010.16 488.26 3
0000 0000 0046 667115.12 1129007.81 488.07 3
0000 0000 0047 667099.99 1129004.15 487.90 3
0000 0000 0048 667085.49 1128998.56 487.49 3
0000 0000 0049 667092.68 1129005.42 487.50 3
0000 0000 0050 667138.25 1129023.81 487.45 3
0000 0000 0051 667153.37 1129026.12 487.49 3
0000 0000 0052 667165.86 1129028.12 487.37 3
0000 0000 0053 667177.54 1129030.71 487.24 3
0000 0000 0054 667180.04 1129038.43 486.05 3
0000 0000 0055 667193.12 1129042.70 485.93 3
0000 0000 0056 667201.77 1129044.70 486.15 3
0000 0000 0057 667210.72 1129044.85 487.07 3
0000 0000 0058 667216.85 1129050.41 486.38 3
0000 0000 0059 667217.81 1129049.18 487.10 3
0000 0000 0060 667228.40 1129054.18 487.09 3
0000 0000 0061 667227.37 1129055.10 486.54 3
0000 0000 0062 667235.11 1129059.86 486.00 3
0000 0000 0063 667237.07 1129057.97 487.04 3
0000 0000 0064 667243.37 1129063.84 485.83 3
0000 0000 0065 667244.82 1129061.78 486.90 3
0000 0000 0067 667255.27 1129066.23 486.70 3
0000 0000 0068 667254.21 1129067.02 486.20 3
0000 0000 0069 667261.83 1129068.67 486.33 3
0000 0000 0071 667310.42 1129022.43 491.12 3
0000 0000 0072 667302.80 1129004.52 490.52 3
0000 0000 0073 667307.42 1128994.91 490.75 3
0000 0000 0074 667333.98 1128988.50 492.68 3
0000 0000 0075 667335.08 1128987.95 492.79 3
0000 0000 0076 667335.70 1128987.12 492.80 3
0000 0000 0077 667335.88 1128986.02 492.82 3
0000 0000 0078 667336.01 1128994.50 492.59 3
0000 0000 0079 667337.72 1128994.49 492.61 3
0000 0000 0080 667342.54 1129002.59 492.36 3
0000 0000 0081 667342.85 1129001.61 492.42 3
0000 0000 0082 667343.00 1129000.72 492.48 3
0000 0000 0083 667346.84 1129010.07 492.32 3
0000 0000 0084 667358.90 1129009.14 492.67 3
0000 0000 0085 667350.58 1129010.37 492.42 3
0000 0000 0086 667342.53 1129002.65 492.34 3
0000 0000 0087 667341.69 1129005.41 492.16 3
0000 0000 0088 667339.84 1129007.93 491.96 3
0000 0000 0089 667337.18 1129009.75 491.67 3
0000 0000 0090 667334.00 1129010.91 491.44 3
0000 0000 0091 667329.87 1129009.63 491.20 3
0000 0000 0092 667325.21 1129004.18 491.19 3
0000 0000 0093 667323.47 1129000.71 491.22 3
0000 0000 0094 667323.33 1128998.51 491.33 3
0000 0000 0095 667325.58 1128997.39 491.62 3
0000 0000 0096 667328.62 1128996.31 492.15 3
0000 0000 0097 667332.09 1128995.06 492.43 3
0000 0000 0098 667332.12 1128996.54 492.52 3
0000 0000 0099 667329.59 1128998.31 492.55 3
0000 0000 0100 667329.28 1128996.84 492.39 3
0000 0000 0101 667327.10 1128997.78 492.26 3
0000 0000 0102 667325.32 1128999.18 492.42 3
0000 0000 0103 667326.31 1129000.48 492.52 3
0000 0000 0107 667332.77 1129002.81 492.55 3
0000 0000 0108 667330.37 1129006.33 492.36 3
0000 0000 0109 667331.77 1129006.80 492.33 3
0000 0000 0110 667334.91 1129007.60 492.46 3
0000 0000 0111 667336.12 1129007.31 492.64 3
0000 0000 0113 667269.75 1128996.40 490.86 3
0000 0000 0114 667281.31 1128996.38 490.71 3
0000 0000 0115 667295.33 1129002.03 490.53 3
0000 0000 0116 667321.64 1128994.86 491.24 3
0000 0000 0118 667088.38 1129016.92 486.87 3
0000 0000 0119 667102.51 1129045.51 484.99 3
0000 0000 0120 667106.55 1129001.06 488.38 3
0000 0000 0121 667184.47 1128943.69 493.78 3
0000 0000 0122 667197.17 1129039.89 488.16 3
0000 0000 0123 667175.25 1129036.03 494.15 3
0000 0000 0124 667129.69 1129033.10 486.62 3
0000 0000 0125 667144.17 1129029.66 487.09 3
0000 0000 0201 667268.11 1128981.46 491.60 3
0000 0000 0202 667288.59 1128980.16 491.57 3
0000 0000 0203 667307.08 1128978.94 491.12 3
0000 0000 0204 667319.40 1128979.29 491.78 3
0000 0000 0205 667073.32 1129037.83 484.62 3
0000 0000 4001 667265.20 1129016.83 490.07 3
0000 0000 4002 667333.99 1128988.43 492.89 3